MapLevelOne 20 10 444 240 13 7
4 0 1 1 1 1 4 0 1 1 1 1 4 0 1 1 1 1 4 0 1 1 1 1 4 0 1 1 1 1 4 0 1 1 1 1 4 0 1 1 
2 1 14 1 14 1 2 1 14 1 14 1 2 1 14 1 14 1 2 1 14 1 14 1 2 1 14 1 14 1 2 1 14 1 14 1 2 1 14 1
15 1 7 0 7 0 15 1 7 0 7 0 15 1 7 0 7 0 15 1 7 0 7 0 15 1 7 0 7 0 15 1 7 0 7 0 15 1 7 0
7 0 7 0 7 0 7 0 7 0 7 0 7 0 7 0 7 0 7 0 7 0 7 0 7 0 7 0 7 0 7 0 7 0 7 0 7 0 7 0 
7 0 7 0 7 0 7 0 7 0 7 0 7 0 7 0 7 0 7 0 7 0 7 0 7 0 7 0 7 0 7 0 7 0 7 0 7 0 7 0 
7 0 7 0 7 0 7 0 7 0 7 0 7 0 7 0 7 0 7 0 7 0 7 0 7 0 7 0 7 0 7 0 7 0 7 0 7 0 7 0 
7 0 7 0 7 0 7 0 7 0 7 0 7 0 7 0 7 0 7 0 7 0 7 0 7 0 7 0 7 0 7 0 7 0 7 0 7 0 7 0 
4 0 1 1 1 1 4 0 1 1 1 1 4 0 1 1 1 1 4 0 1 1 1 1 4 0 1 1 1 1 4 0 1 1 1 1 4 0 1 1 
2 1 14 1 14 1 2 1 14 1 14 1 2 1 14 1 14 1 2 1 14 1 14 1 2 1 14 1 14 1 2 1 14 1 14 1 2 1 14 1
15 1 7 0 7 0 15 1 7 0 7 0 15 1 7 0 7 0 15 1 7 0 7 0 15 1 7 0 7 0 15 1 7 0 7 0 15 1 7 0